1	0.5	7.77
2	0.5	8.36
3	0.5	9.41
4	0.5	9.73
5	0.5	11.69
6	0.5	13.66
7	0.5	15.47
8	0.5	16.89
9	0.5	19.06
1	1	10.35
2	1	10.85
3	1	12.34
4	1	12.71
5	1	13.46
6	1	16.13
7	1	18.58
8	1	20.83
9	1	23.04
1	1.5	11.09
2	1.5	12.03
3	1.5	13.88
4	1.5	14.27
5	1.5	14.77
6	1.5	17.59
7	1.5	20.15
8	1.5	23.11
9	1.5	25.57
1	2	11.83
2	2	13.21
3	2	15.42
4	2	15.83
5	2	16.08
6	2	19.05
7	2	21.72
8	2	25.39
9	2	28.1
1	2.5	12.57
2	2.5	14.39
3	2.5	16.96
4	2.5	17.39
5	2.5	17.39
6	2.5	20.51
7	2.5	23.29
8	2.5	27.67
9	2.5	30.63
1	3	13.24
2	3	15.44
3	3	18.4
4	3	18.85
5	3	18.51
6	3	21.75
7	3	24.77
8	3	29.74
9	3	32.96
1	3.5	13.85
2	3.5	16.47
3	3.5	19.84
4	3.5	20.31
5	3.5	19.71
6	3.5	23.06
7	3.5	26.38
8	3.5	31.94
9	3.5	35.42
1	4	14.46
2	4	17.5
3	4	21.28
4	4	21.77
5	4	20.91
6	4	24.37
7	4	27.99
8	4	34.14
9	4	37.88
1	4.5	15.07
2	4.5	18.53
3	4.5	22.72
4	4.5	23.23
5	4.5	22.11
6	4.5	25.68
7	4.5	29.6
8	4.5	36.34
9	4.5	40.34
1	5	15.68
2	5	19.52
3	5	24.11
4	5	24.66
5	5	23.25
6	5	27.01
7	5	31.21
8	5	38.58
9	5	42.84
1	5.5	16.35
2	5.5	20.55
3	5.5	25.46
4	5.5	26.03
5	5.5	24.39
6	5.5	28.26
7	5.5	32.82
8	5.5	40.76
9	5.5	45.26
1	6	17.02
2	6	21.58
3	6	26.81
4	6	27.4
5	6	25.53
6	6	29.51
7	6	34.43
8	6	42.94
9	6	47.68
1	6.5	17.69
2	6.5	22.61
3	6.5	28.16
4	6.5	28.77
5	6.5	26.67
6	6.5	30.76
7	6.5	36.04
8	6.5	45.12
9	6.5	50.1
1	7	18.36
2	7	23.64
3	7	29.51
4	7	30.14
5	7	27.81
6	7	32.01
7	7	37.65
8	7	47.3
9	7	52.52
1	7.5	19.03
2	7.5	24.67
3	7.5	30.86
4	7.5	31.51
5	7.5	28.95
6	7.5	33.26
7	7.5	39.26
8	7.5	49.48
9	7.5	54.94
1	8	19.7
2	8	25.7
3	8	32.21
4	8	32.88
5	8	30.09
6	8	34.51
7	8	40.87
8	8	51.66
9	8	57.36
1	8.5	20.37
2	8.5	26.73
3	8.5	33.56
4	8.5	34.25
5	8.5	31.23
6	8.5	35.76
7	8.5	42.48
8	8.5	53.84
9	8.5	59.78
1	9	21.04
2	9	27.76
3	9	34.91
4	9	35.62
5	9	32.37
6	9	37.01
7	9	44.09
8	9	56.02
9	9	62.2
1	9.5	21.71
2	9.5	28.79
3	9.5	36.26
4	9.5	36.99
5	9.5	33.51
6	9.5	38.26
7	9.5	45.7
8	9.5	58.2
9	9.5	64.62
1	10	22.38
2	10	29.82
3	10	37.61
4	10	38.36
5	10	34.65
6	10	39.51
7	10	47.31
8	10	60.38
9	10	67.04
1	10.5	22.86
2	10.5	30.56
3	10.5	38.73
4	10.5	39.5
5	10.5	35.58
6	10.5	40.63
7	10.5	48.99
8	10.5	62.64
9	10.5	69.46
1	11	23.34
2	11	31.3
3	11	39.85
4	11	40.64
5	11	36.51
6	11	41.75
7	11	50.67
8	11	64.9
9	11	71.88
1	11.5	23.82
2	11.5	32.04
3	11.5	40.97
4	11.5	41.78
5	11.5	37.44
6	11.5	42.87
7	11.5	52.35
8	11.5	67.16
9	11.5	74.3
1	12	24.3
2	12	32.78
3	12	42.09
4	12	42.92
5	12	38.37
6	12	43.99
7	12	54.03
8	12	69.42
9	12	76.72
1	12.5	24.78
2	12.5	33.52
3	12.5	43.21
4	12.5	44.06
5	12.5	39.3
6	12.5	45.11
7	12.5	55.71
8	12.5	71.68
9	12.5	79.14
1	13	25.26
2	13	34.26
3	13	44.33
4	13	45.2
5	13	40.23
6	13	46.23
7	13	57.39
8	13	73.94
9	13	81.56
1	13.5	25.74
2	13.5	35
3	13.5	45.45
4	13.5	46.34
5	13.5	41.16
6	13.5	47.35
7	13.5	59.07
8	13.5	76.2
9	13.5	83.98
1	14	26.22
2	14	35.74
3	14	46.57
4	14	47.48
5	14	42.09
6	14	48.47
7	14	60.75
8	14	78.46
9	14	86.4
1	14.5	26.7
2	14.5	36.48
3	14.5	47.69
4	14.5	48.62
5	14.5	43.02
6	14.5	49.59
7	14.5	62.43
8	14.5	80.72
9	14.5	88.82
1	15	27.18
2	15	37.22
3	15	48.81
4	15	49.76
5	15	43.95
6	15	50.71
7	15	64.11
8	15	82.98
9	15	91.24
1	15.5	27.66
2	15.5	37.96
3	15.5	49.93
4	15.5	50.9
5	15.5	44.88
6	15.5	51.83
7	15.5	65.79
8	15.5	85.24
9	15.5	93.66
1	16	28.14
2	16	38.7
3	16	51.05
4	16	52.04
5	16	45.81
6	16	52.95
7	16	67.47
8	16	87.5
9	16	96.08
1	16.5	28.62
2	16.5	39.44
3	16.5	52.17
4	16.5	53.18
5	16.5	46.74
6	16.5	54.07
7	16.5	69.15
8	16.5	89.76
9	16.5	98.5
1	17	29.1
2	17	40.18
3	17	53.29
4	17	54.32
5	17	47.67
6	17	55.19
7	17	70.83
8	17	92.02
9	17	100.92
1	17.5	29.58
2	17.5	40.92
3	17.5	54.41
4	17.5	55.46
5	17.5	48.6
6	17.5	56.31
7	17.5	72.51
8	17.5	94.28
9	17.5	103.34
1	18	30.06
2	18	41.66
3	18	55.53
4	18	56.6
5	18	49.53
6	18	57.43
7	18	74.19
8	18	96.54
9	18	105.76
1	18.5	30.54
2	18.5	42.4
3	18.5	56.65
4	18.5	57.74
5	18.5	50.46
6	18.5	58.55
7	18.5	75.87
8	18.5	98.8
9	18.5	108.18
1	19	31.02
2	19	43.14
3	19	57.77
4	19	58.88
5	19	51.39
6	19	59.67
7	19	77.55
8	19	101.06
9	19	110.6
1	19.5	31.5
2	19.5	43.88
3	19.5	58.89
4	19.5	60.02
5	19.5	52.32
6	19.5	60.79
7	19.5	79.23
8	19.5	103.32
9	19.5	113.02
1	20	31.98
2	20	44.62
3	20	60.01
4	20	61.16
5	20	53.25
6	20	61.91
7	20	80.91
8	20	105.58
9	20	115.44
1	20.5	32.47
2	20.5	45.36
3	20.5	61.11
4	20.5	62.28
5	20.5	54.18
6	20.5	63.01
7	20.5	82.52
8	20.5	107.8
9	20.5	117.83
1	21	32.96
2	21	46.1
3	21	62.21
4	21	63.4
5	21	55.11
6	21	64.11
7	21	84.13
8	21	110.02
9	21	120.22
1	21.5	33.45
2	21.5	46.84
3	21.5	63.31
4	21.5	64.52
5	21.5	56.04
6	21.5	65.21
7	21.5	85.74
8	21.5	112.24
9	21.5	122.61
1	22	33.94
2	22	47.58
3	22	64.41
4	22	65.64
5	22	56.97
6	22	66.31
7	22	87.35
8	22	114.46
9	22	125
1	22.5	34.43
2	22.5	48.32
3	22.5	65.51
4	22.5	66.76
5	22.5	57.9
6	22.5	67.41
7	22.5	88.96
8	22.5	116.68
9	22.5	127.39
1	23	34.92
2	23	49.06
3	23	66.61
4	23	67.88
5	23	58.83
6	23	68.51
7	23	90.57
8	23	118.9
9	23	129.78
1	23.5	35.41
2	23.5	49.8
3	23.5	67.71
4	23.5	69
5	23.5	59.76
6	23.5	69.61
7	23.5	92.18
8	23.5	121.12
9	23.5	132.17
1	24	35.9
2	24	50.54
3	24	68.81
4	24	70.12
5	24	60.69
6	24	70.71
7	24	93.79
8	24	123.34
9	24	134.56
1	24.5	36.39
2	24.5	51.28
3	24.5	69.91
4	24.5	71.24
5	24.5	61.62
6	24.5	71.81
7	24.5	95.4
8	24.5	125.56
9	24.5	136.95
1	25	36.88
2	25	52.02
3	25	71.01
4	25	72.36
5	25	62.55
6	25	72.91
7	25	97.01
8	25	127.78
9	25	139.34
1	25.5	37.43
2	25.5	52.76
3	25.5	72.11
4	25.5	73.48
5	25.5	63.54
6	25.5	74.03
7	25.5	98.69
8	25.5	130.13
9	25.5	141.86
1	26	37.98
2	26	53.5
3	26	73.21
4	26	74.6
5	26	64.53
6	26	75.15
7	26	100.37
8	26	132.48
9	26	144.38
1	26.5	38.53
2	26.5	54.24
3	26.5	74.31
4	26.5	75.72
5	26.5	65.52
6	26.5	76.27
7	26.5	102.05
8	26.5	134.83
9	26.5	146.9
1	27	39.08
2	27	54.98
3	27	75.41
4	27	76.84
5	27	66.51
6	27	77.39
7	27	103.73
8	27	137.18
9	27	149.42
1	27.5	39.63
2	27.5	55.72
3	27.5	76.51
4	27.5	77.96
5	27.5	67.5
6	27.5	78.51
7	27.5	105.41
8	27.5	139.53
9	27.5	151.94
1	28	40.18
2	28	56.46
3	28	77.61
4	28	79.08
5	28	68.49
6	28	79.63
7	28	107.09
8	28	141.88
9	28	154.46
1	28.5	40.73
2	28.5	57.2
3	28.5	78.71
4	28.5	80.2
5	28.5	69.48
6	28.5	80.75
7	28.5	108.77
8	28.5	144.23
9	28.5	156.98
1	29	41.28
2	29	57.94
3	29	79.81
4	29	81.32
5	29	70.47
6	29	81.87
7	29	110.45
8	29	146.58
9	29	159.5
1	29.5	41.83
2	29.5	58.68
3	29.5	80.91
4	29.5	82.44
5	29.5	71.46
6	29.5	82.99
7	29.5	112.13
8	29.5	148.93
9	29.5	162.02
1	30	42.38
2	30	59.42
3	30	82.01
4	30	83.56
5	30	72.45
6	30	84.11
7	30	113.81
8	30	151.28
9	30	164.54
1	30.5	42.93
2	30.5	60.16
3	30.5	83.11
4	30.5	84.68
5	30.5	73.44
6	30.5	85.23
7	30.5	115.49
8	30.5	153.63
9	30.5	167.06
1	31	43.48
2	31	60.9
3	31	84.21
4	31	85.8
5	31	74.43
6	31	86.35
7	31	117.17
8	31	155.98
9	31	169.58
1	31.5	44.03
2	31.5	61.64
3	31.5	85.31
4	31.5	86.92
5	31.5	75.42
6	31.5	87.47
7	31.5	118.85
8	31.5	158.33
9	31.5	172.1
1	32	44.58
2	32	62.38
3	32	86.41
4	32	88.04
5	32	76.41
6	32	88.59
7	32	120.53
8	32	160.68
9	32	174.62
1	32.5	45.13
2	32.5	63.12
3	32.5	87.51
4	32.5	89.16
5	32.5	77.4
6	32.5	89.71
7	32.5	122.21
8	32.5	163.03
9	32.5	177.14
1	33	45.68
2	33	63.86
3	33	88.61
4	33	90.28
5	33	78.39
6	33	90.83
7	33	123.89
8	33	165.38
9	33	179.66
1	33.5	46.23
2	33.5	64.6
3	33.5	89.71
4	33.5	91.4
5	33.5	79.38
6	33.5	91.95
7	33.5	125.57
8	33.5	167.73
9	33.5	182.18
1	34	46.78
2	34	65.34
3	34	90.81
4	34	92.52
5	34	80.37
6	34	93.07
7	34	127.25
8	34	170.08
9	34	184.7
1	34.5	47.33
2	34.5	66.08
3	34.5	91.91
4	34.5	93.64
5	34.5	81.36
6	34.5	94.19
7	34.5	128.93
8	34.5	172.43
9	34.5	187.22
1	35	47.88
2	35	66.82
3	35	93.01
4	35	94.76
5	35	82.35
6	35	95.31
7	35	130.61
8	35	174.78
9	35	189.74
1	35.5	48.43
2	35.5	67.56
3	35.5	94.11
4	35.5	95.88
5	35.5	83.34
6	35.5	96.43
7	35.5	132.29
8	35.5	177.13
9	35.5	192.26
1	36	48.98
2	36	68.3
3	36	95.21
4	36	97
5	36	84.33
6	36	97.55
7	36	133.97
8	36	179.48
9	36	194.78
1	36.5	49.53
2	36.5	69.04
3	36.5	96.31
4	36.5	98.12
5	36.5	85.32
6	36.5	98.67
7	36.5	135.65
8	36.5	181.83
9	36.5	197.3
1	37	50.08
2	37	69.78
3	37	97.41
4	37	99.24
5	37	86.31
6	37	99.79
7	37	137.33
8	37	184.18
9	37	199.82
1	37.5	50.63
2	37.5	70.52
3	37.5	98.51
4	37.5	100.36
5	37.5	87.3
6	37.5	100.91
7	37.5	139.01
8	37.5	186.53
9	37.5	202.34
1	38	51.18
2	38	71.26
3	38	99.61
4	38	101.48
5	38	88.29
6	38	102.03
7	38	140.69
8	38	188.88
9	38	204.86
1	38.5	51.73
2	38.5	72
3	38.5	100.71
4	38.5	102.6
5	38.5	89.28
6	38.5	103.15
7	38.5	142.37
8	38.5	191.23
9	38.5	207.38
1	39	52.28
2	39	72.74
3	39	101.81
4	39	103.72
5	39	90.27
6	39	104.27
7	39	144.05
8	39	193.58
9	39	209.9
1	39.5	52.83
2	39.5	73.48
3	39.5	102.91
4	39.5	104.84
5	39.5	91.26
6	39.5	105.39
7	39.5	145.73
8	39.5	195.93
9	39.5	212.42
1	40	53.38
2	40	74.22
3	40	104.01
4	40	105.96
5	40	92.25
6	40	106.51
7	40	147.41
8	40	198.28
9	40	214.94
1	40.5	53.93
2	40.5	74.96
3	40.5	105.11
4	40.5	107.08
5	40.5	93.24
6	40.5	107.63
7	40.5	149.09
8	40.5	200.63
9	40.5	217.46
1	41	54.48
2	41	75.7
3	41	106.21
4	41	108.2
5	41	94.23
6	41	108.75
7	41	150.77
8	41	202.98
9	41	219.98
1	41.5	55.03
2	41.5	76.44
3	41.5	107.31
4	41.5	109.32
5	41.5	95.22
6	41.5	109.87
7	41.5	152.45
8	41.5	205.33
9	41.5	222.5
1	42	55.58
2	42	77.18
3	42	108.41
4	42	110.44
5	42	96.21
6	42	110.99
7	42	154.13
8	42	207.68
9	42	225.02
1	42.5	56.13
2	42.5	77.92
3	42.5	109.51
4	42.5	111.56
5	42.5	97.2
6	42.5	112.11
7	42.5	155.81
8	42.5	210.03
9	42.5	227.54
1	43	56.68
2	43	78.66
3	43	110.61
4	43	112.68
5	43	98.19
6	43	113.23
7	43	157.49
8	43	212.38
9	43	230.06
1	43.5	57.23
2	43.5	79.4
3	43.5	111.71
4	43.5	113.8
5	43.5	99.18
6	43.5	114.35
7	43.5	159.17
8	43.5	214.73
9	43.5	232.58
1	44	57.78
2	44	80.14
3	44	112.81
4	44	114.92
5	44	100.17
6	44	115.47
7	44	160.85
8	44	217.08
9	44	235.1
1	44.5	58.33
2	44.5	80.88
3	44.5	113.91
4	44.5	116.04
5	44.5	101.16
6	44.5	116.59
7	44.5	162.53
8	44.5	219.43
9	44.5	237.62
1	45	58.88
2	45	81.62
3	45	115.01
4	45	117.16
5	45	102.15
6	45	117.71
7	45	164.21
8	45	221.78
9	45	240.14
1	45.5	59.43
2	45.5	82.36
3	45.5	116.11
4	45.5	118.28
5	45.5	103.14
6	45.5	118.83
7	45.5	165.89
8	45.5	224.13
9	45.5	242.66
1	46	59.98
2	46	83.1
3	46	117.21
4	46	119.4
5	46	104.13
6	46	119.95
7	46	167.57
8	46	226.48
9	46	245.18
1	46.5	60.53
2	46.5	83.84
3	46.5	118.31
4	46.5	120.52
5	46.5	105.12
6	46.5	121.07
7	46.5	169.25
8	46.5	228.83
9	46.5	247.7
1	47	61.08
2	47	84.58
3	47	119.41
4	47	121.64
5	47	106.11
6	47	122.19
7	47	170.93
8	47	231.18
9	47	250.22
1	47.5	61.63
2	47.5	85.32
3	47.5	120.51
4	47.5	122.76
5	47.5	107.1
6	47.5	123.31
7	47.5	172.61
8	47.5	233.53
9	47.5	252.74
1	48	62.18
2	48	86.06
3	48	121.61
4	48	123.88
5	48	108.09
6	48	124.43
7	48	174.29
8	48	235.88
9	48	255.26
1	48.5	62.73
2	48.5	86.8
3	48.5	122.71
4	48.5	125
5	48.5	109.08
6	48.5	125.55
7	48.5	175.97
8	48.5	238.23
9	48.5	257.78
1	49	63.28
2	49	87.54
3	49	123.81
4	49	126.12
5	49	110.07
6	49	126.67
7	49	177.65
8	49	240.58
9	49	260.3
1	49.5	63.83
2	49.5	88.28
3	49.5	124.91
4	49.5	127.24
5	49.5	111.06
6	49.5	127.79
7	49.5	179.33
8	49.5	242.93
9	49.5	262.82
1	50	64.38
2	50	89.02
3	50	126.01
4	50	128.36
5	50	112.05
6	50	128.91
7	50	181.01
8	50	245.28
9	50	265.34
1	50.5	65.08
2	50.5	90.08
3	50.5	127.47
4	50.5	129.82
5	50.5	113.3
6	50.5	130.39
7	50.5	183.19
8	50.5	248.31
9	50.5	268.56
1	51	65.78
2	51	91.14
3	51	128.93
4	51	131.28
5	51	114.55
6	51	131.87
7	51	185.37
8	51	251.34
9	51	271.78
1	51.5	66.48
2	51.5	92.2
3	51.5	130.39
4	51.5	132.74
5	51.5	115.8
6	51.5	133.35
7	51.5	187.55
8	51.5	254.37
9	51.5	275
1	52	67.18
2	52	93.26
3	52	131.85
4	52	134.2
5	52	117.05
6	52	134.83
7	52	189.73
8	52	257.4
9	52	278.22
1	52.5	67.88
2	52.5	94.32
3	52.5	133.31
4	52.5	135.66
5	52.5	118.3
6	52.5	136.31
7	52.5	191.91
8	52.5	260.43
9	52.5	281.44
1	53	68.58
2	53	95.38
3	53	134.77
4	53	137.12
5	53	119.55
6	53	137.79
7	53	194.09
8	53	263.46
9	53	284.66
1	53.5	69.28
2	53.5	96.44
3	53.5	136.23
4	53.5	138.58
5	53.5	120.8
6	53.5	139.27
7	53.5	196.27
8	53.5	266.49
9	53.5	287.88
1	54	69.98
2	54	97.5
3	54	137.69
4	54	140.04
5	54	122.05
6	54	140.75
7	54	198.45
8	54	269.52
9	54	291.1
1	54.5	70.68
2	54.5	98.56
3	54.5	139.15
4	54.5	141.5
5	54.5	123.3
6	54.5	142.23
7	54.5	200.63
8	54.5	272.55
9	54.5	294.32
1	55	71.38
2	55	99.62
3	55	140.61
4	55	142.96
5	55	124.55
6	55	143.71
7	55	202.81
8	55	275.58
9	55	297.54
1	55.5	72.08
2	55.5	100.68
3	55.5	142.07
4	55.5	144.42
5	55.5	125.8
6	55.5	145.19
7	55.5	204.99
8	55.5	278.61
9	55.5	300.76
1	56	72.78
2	56	101.74
3	56	143.53
4	56	145.88
5	56	127.05
6	56	146.67
7	56	207.17
8	56	281.64
9	56	303.98
1	56.5	73.48
2	56.5	102.8
3	56.5	144.99
4	56.5	147.34
5	56.5	128.3
6	56.5	148.15
7	56.5	209.35
8	56.5	284.67
9	56.5	307.2
1	57	74.18
2	57	103.86
3	57	146.45
4	57	148.8
5	57	129.55
6	57	149.63
7	57	211.53
8	57	287.7
9	57	310.42
1	57.5	74.88
2	57.5	104.92
3	57.5	147.91
4	57.5	150.26
5	57.5	130.8
6	57.5	151.11
7	57.5	213.71
8	57.5	290.73
9	57.5	313.64
1	58	75.58
2	58	105.98
3	58	149.37
4	58	151.72
5	58	132.05
6	58	152.59
7	58	215.89
8	58	293.76
9	58	316.86
1	58.5	76.28
2	58.5	107.04
3	58.5	150.83
4	58.5	153.18
5	58.5	133.3
6	58.5	154.07
7	58.5	218.07
8	58.5	296.79
9	58.5	320.08
1	59	76.98
2	59	108.1
3	59	152.29
4	59	154.64
5	59	134.55
6	59	155.55
7	59	220.25
8	59	299.82
9	59	323.3
1	59.5	77.68
2	59.5	109.16
3	59.5	153.75
4	59.5	156.1
5	59.5	135.8
6	59.5	157.03
7	59.5	222.43
8	59.5	302.85
9	59.5	326.52
1	60	78.38
2	60	110.22
3	60	155.21
4	60	157.56
5	60	137.05
6	60	158.51
7	60	224.61
8	60	305.88
9	60	329.74
1	60.5	79.08
2	60.5	111.28
3	60.5	156.67
4	60.5	159.02
5	60.5	138.3
6	60.5	159.99
7	60.5	226.79
8	60.5	308.91
9	60.5	332.96
1	61	79.78
2	61	112.34
3	61	158.13
4	61	160.48
5	61	139.55
6	61	161.47
7	61	228.97
8	61	311.94
9	61	336.18
1	61.5	80.48
2	61.5	113.4
3	61.5	159.59
4	61.5	161.94
5	61.5	140.8
6	61.5	162.95
7	61.5	231.15
8	61.5	314.97
9	61.5	339.4
1	62	81.18
2	62	114.46
3	62	161.05
4	62	163.4
5	62	142.05
6	62	164.43
7	62	233.33
8	62	318
9	62	342.62
1	62.5	81.88
2	62.5	115.52
3	62.5	162.51
4	62.5	164.86
5	62.5	143.3
6	62.5	165.91
7	62.5	235.51
8	62.5	321.03
9	62.5	345.84
1	63	82.58
2	63	116.58
3	63	163.97
4	63	166.32
5	63	144.55
6	63	167.39
7	63	237.69
8	63	324.06
9	63	349.06
1	63.5	83.28
2	63.5	117.64
3	63.5	165.43
4	63.5	167.78
5	63.5	145.8
6	63.5	168.87
7	63.5	239.87
8	63.5	327.09
9	63.5	352.28
1	64	83.98
2	64	118.7
3	64	166.89
4	64	169.24
5	64	147.05
6	64	170.35
7	64	242.05
8	64	330.12
9	64	355.5
1	64.5	84.68
2	64.5	119.76
3	64.5	168.35
4	64.5	170.7
5	64.5	148.3
6	64.5	171.83
7	64.5	244.23
8	64.5	333.15
9	64.5	358.72
1	65	85.38
2	65	120.82
3	65	169.81
4	65	172.16
5	65	149.55
6	65	173.31
7	65	246.41
8	65	336.18
9	65	361.94
1	65.5	86.08
2	65.5	121.88
3	65.5	171.27
4	65.5	173.62
5	65.5	150.8
6	65.5	174.79
7	65.5	248.59
8	65.5	339.21
9	65.5	365.16
1	66	86.78
2	66	122.94
3	66	172.73
4	66	175.08
5	66	152.05
6	66	176.27
7	66	250.77
8	66	342.24
9	66	368.38
1	66.5	87.48
2	66.5	124
3	66.5	174.19
4	66.5	176.54
5	66.5	153.3
6	66.5	177.75
7	66.5	252.95
8	66.5	345.27
9	66.5	371.6
1	67	88.18
2	67	125.06
3	67	175.65
4	67	178
5	67	154.55
6	67	179.23
7	67	255.13
8	67	348.3
9	67	374.82
1	67.5	88.88
2	67.5	126.12
3	67.5	177.11
4	67.5	179.46
5	67.5	155.8
6	67.5	180.71
7	67.5	257.31
8	67.5	351.33
9	67.5	378.04
1	68	89.58
2	68	127.18
3	68	178.57
4	68	180.92
5	68	157.05
6	68	182.19
7	68	259.49
8	68	354.36
9	68	381.26
1	68.5	90.28
2	68.5	128.24
3	68.5	180.03
4	68.5	182.38
5	68.5	158.3
6	68.5	183.67
7	68.5	261.67
8	68.5	357.39
9	68.5	384.48
1	69	90.98
2	69	129.3
3	69	181.49
4	69	183.84
5	69	159.55
6	69	185.15
7	69	263.85
8	69	360.42
9	69	387.7
1	69.5	91.68
2	69.5	130.36
3	69.5	182.95
4	69.5	185.3
5	69.5	160.8
6	69.5	186.63
7	69.5	266.03
8	69.5	363.45
9	69.5	390.92
1	70	92.38
2	70	131.42
3	70	184.41
4	70	186.76
5	70	162.05
6	70	188.11
7	70	268.21
8	70	366.48
9	70	394.14
1	70.5	93.08
2	70.5	132.48
3	70.5	185.87
4	70.5	188.22
5	70.5	163.3
6	70.5	189.59
7	70.5	270.39
8	70.5	369.51
9	70.5	397.36
1	71	93.78
2	71	133.54
3	71	187.33
4	71	189.68
5	71	164.55
6	71	191.07
7	71	272.57
8	71	372.54
9	71	400.58
1	71.5	94.48
2	71.5	134.6
3	71.5	188.79
4	71.5	191.14
5	71.5	165.8
6	71.5	192.55
7	71.5	274.75
8	71.5	375.57
9	71.5	403.8
1	72	95.18
2	72	135.66
3	72	190.25
4	72	192.6
5	72	167.05
6	72	194.03
7	72	276.93
8	72	378.6
9	72	407.02
1	72.5	95.88
2	72.5	136.72
3	72.5	191.71
4	72.5	194.06
5	72.5	168.3
6	72.5	195.51
7	72.5	279.11
8	72.5	381.63
9	72.5	410.24
1	73	96.58
2	73	137.78
3	73	193.17
4	73	195.52
5	73	169.55
6	73	196.99
7	73	281.29
8	73	384.66
9	73	413.46
1	73.5	97.28
2	73.5	138.84
3	73.5	194.63
4	73.5	196.98
5	73.5	170.8
6	73.5	198.47
7	73.5	283.47
8	73.5	387.69
9	73.5	416.68
1	74	97.98
2	74	139.9
3	74	196.09
4	74	198.44
5	74	172.05
6	74	199.95
7	74	285.65
8	74	390.72
9	74	419.9
1	74.5	98.68
2	74.5	140.96
3	74.5	197.55
4	74.5	199.9
5	74.5	173.3
6	74.5	201.43
7	74.5	287.83
8	74.5	393.75
9	74.5	423.12
1	75	99.38
2	75	142.02
3	75	199.01
4	75	201.36
5	75	174.55
6	75	202.91
7	75	290.01
8	75	396.78
9	75	426.34
1	75.5	100.08
2	75.5	143.08
3	75.5	200.47
4	75.5	202.82
5	75.5	175.8
6	75.5	204.39
7	75.5	292.19
8	75.5	399.81
9	75.5	429.56
1	76	100.78
2	76	144.14
3	76	201.93
4	76	204.28
5	76	177.05
6	76	205.87
7	76	294.37
8	76	402.84
9	76	432.78
1	76.5	101.48
2	76.5	145.2
3	76.5	203.39
4	76.5	205.74
5	76.5	178.3
6	76.5	207.35
7	76.5	296.55
8	76.5	405.87
9	76.5	436
1	77	102.18
2	77	146.26
3	77	204.85
4	77	207.2
5	77	179.55
6	77	208.83
7	77	298.73
8	77	408.9
9	77	439.22
1	77.5	102.88
2	77.5	147.32
3	77.5	206.31
4	77.5	208.66
5	77.5	180.8
6	77.5	210.31
7	77.5	300.91
8	77.5	411.93
9	77.5	442.44
1	78	103.58
2	78	148.38
3	78	207.77
4	78	210.12
5	78	182.05
6	78	211.79
7	78	303.09
8	78	414.96
9	78	445.66
1	78.5	104.28
2	78.5	149.44
3	78.5	209.23
4	78.5	211.58
5	78.5	183.3
6	78.5	213.27
7	78.5	305.27
8	78.5	417.99
9	78.5	448.88
1	79	104.98
2	79	150.5
3	79	210.69
4	79	213.04
5	79	184.55
6	79	214.75
7	79	307.45
8	79	421.02
9	79	452.1
1	79.5	105.68
2	79.5	151.56
3	79.5	212.15
4	79.5	214.5
5	79.5	185.8
6	79.5	216.23
7	79.5	309.63
8	79.5	424.05
9	79.5	455.32
1	80	106.38
2	80	152.62
3	80	213.61
4	80	215.96
5	80	187.05
6	80	217.71
7	80	311.81
8	80	427.08
9	80	458.54
1	80.5	107.08
2	80.5	153.68
3	80.5	215.07
4	80.5	217.42
5	80.5	188.3
6	80.5	219.19
7	80.5	313.99
8	80.5	430.11
9	80.5	461.76
1	81	107.78
2	81	154.74
3	81	216.53
4	81	218.88
5	81	189.55
6	81	220.67
7	81	316.17
8	81	433.14
9	81	464.98
1	81.5	108.48
2	81.5	155.8
3	81.5	217.99
4	81.5	220.34
5	81.5	190.8
6	81.5	222.15
7	81.5	318.35
8	81.5	436.17
9	81.5	468.2
1	82	109.18
2	82	156.86
3	82	219.45
4	82	221.8
5	82	192.05
6	82	223.63
7	82	320.53
8	82	439.2
9	82	471.42
1	82.5	109.88
2	82.5	157.92
3	82.5	220.91
4	82.5	223.26
5	82.5	193.3
6	82.5	225.11
7	82.5	322.71
8	82.5	442.23
9	82.5	474.64
1	83	110.58
2	83	158.98
3	83	222.37
4	83	224.72
5	83	194.55
6	83	226.59
7	83	324.89
8	83	445.26
9	83	477.86
1	83.5	111.28
2	83.5	160.04
3	83.5	223.83
4	83.5	226.18
5	83.5	195.8
6	83.5	228.07
7	83.5	327.07
8	83.5	448.29
9	83.5	481.08
1	84	111.98
2	84	161.1
3	84	225.29
4	84	227.64
5	84	197.05
6	84	229.55
7	84	329.25
8	84	451.32
9	84	484.3
1	84.5	112.68
2	84.5	162.16
3	84.5	226.75
4	84.5	229.1
5	84.5	198.3
6	84.5	231.03
7	84.5	331.43
8	84.5	454.35
9	84.5	487.52
1	85	113.38
2	85	163.22
3	85	228.21
4	85	230.56
5	85	199.55
6	85	232.51
7	85	333.61
8	85	457.38
9	85	490.74
1	85.5	114.08
2	85.5	164.28
3	85.5	229.67
4	85.5	232.02
5	85.5	200.8
6	85.5	233.99
7	85.5	335.79
8	85.5	460.41
9	85.5	493.96
1	86	114.78
2	86	165.34
3	86	231.13
4	86	233.48
5	86	202.05
6	86	235.47
7	86	337.97
8	86	463.44
9	86	497.18
1	86.5	115.48
2	86.5	166.4
3	86.5	232.59
4	86.5	234.94
5	86.5	203.3
6	86.5	236.95
7	86.5	340.15
8	86.5	466.47
9	86.5	500.4
1	87	116.18
2	87	167.46
3	87	234.05
4	87	236.4
5	87	204.55
6	87	238.43
7	87	342.33
8	87	469.5
9	87	503.62
1	87.5	116.88
2	87.5	168.52
3	87.5	235.51
4	87.5	237.86
5	87.5	205.8
6	87.5	239.91
7	87.5	344.51
8	87.5	472.53
9	87.5	506.84
1	88	117.58
2	88	169.58
3	88	236.97
4	88	239.32
5	88	207.05
6	88	241.39
7	88	346.69
8	88	475.56
9	88	510.06
1	88.5	118.28
2	88.5	170.64
3	88.5	238.43
4	88.5	240.78
5	88.5	208.3
6	88.5	242.87
7	88.5	348.87
8	88.5	478.59
9	88.5	513.28
1	89	118.98
2	89	171.7
3	89	239.89
4	89	242.24
5	89	209.55
6	89	244.35
7	89	351.05
8	89	481.62
9	89	516.5
1	89.5	119.68
2	89.5	172.76
3	89.5	241.35
4	89.5	243.7
5	89.5	210.8
6	89.5	245.83
7	89.5	353.23
8	89.5	484.65
9	89.5	519.72
1	90	120.38
2	90	173.82
3	90	242.81
4	90	245.16
5	90	212.05
6	90	247.31
7	90	355.41
8	90	487.68
9	90	522.94
1	90.5	121.08
2	90.5	174.88
3	90.5	244.27
4	90.5	246.62
5	90.5	213.3
6	90.5	248.79
7	90.5	357.59
8	90.5	490.71
9	90.5	526.16
1	91	121.78
2	91	175.94
3	91	245.73
4	91	248.08
5	91	214.55
6	91	250.27
7	91	359.77
8	91	493.74
9	91	529.38
1	91.5	122.48
2	91.5	177
3	91.5	247.19
4	91.5	249.54
5	91.5	215.8
6	91.5	251.75
7	91.5	361.95
8	91.5	496.77
9	91.5	532.6
1	92	123.18
2	92	178.06
3	92	248.65
4	92	251
5	92	217.05
6	92	253.23
7	92	364.13
8	92	499.8
9	92	535.82
1	92.5	123.88
2	92.5	179.12
3	92.5	250.11
4	92.5	252.46
5	92.5	218.3
6	92.5	254.71
7	92.5	366.31
8	92.5	502.83
9	92.5	539.04
1	93	124.58
2	93	180.18
3	93	251.57
4	93	253.92
5	93	219.55
6	93	256.19
7	93	368.49
8	93	505.86
9	93	542.26
1	93.5	125.28
2	93.5	181.24
3	93.5	253.03
4	93.5	255.38
5	93.5	220.8
6	93.5	257.67
7	93.5	370.67
8	93.5	508.89
9	93.5	545.48
1	94	125.98
2	94	182.3
3	94	254.49
4	94	256.84
5	94	222.05
6	94	259.15
7	94	372.85
8	94	511.92
9	94	548.7
1	94.5	126.68
2	94.5	183.36
3	94.5	255.95
4	94.5	258.3
5	94.5	223.3
6	94.5	260.63
7	94.5	375.03
8	94.5	514.95
9	94.5	551.92
1	95	127.38
2	95	184.42
3	95	257.41
4	95	259.76
5	95	224.55
6	95	262.11
7	95	377.21
8	95	517.98
9	95	555.14
1	95.5	128.08
2	95.5	185.48
3	95.5	258.87
4	95.5	261.22
5	95.5	225.8
6	95.5	263.59
7	95.5	379.39
8	95.5	521.01
9	95.5	558.36
1	96	128.78
2	96	186.54
3	96	260.33
4	96	262.68
5	96	227.05
6	96	265.07
7	96	381.57
8	96	524.04
9	96	561.58
1	96.5	129.48
2	96.5	187.6
3	96.5	261.79
4	96.5	264.14
5	96.5	228.3
6	96.5	266.55
7	96.5	383.75
8	96.5	527.07
9	96.5	564.8
1	97	130.18
2	97	188.66
3	97	263.25
4	97	265.6
5	97	229.55
6	97	268.03
7	97	385.93
8	97	530.1
9	97	568.02
1	97.5	130.88
2	97.5	189.72
3	97.5	264.71
4	97.5	267.06
5	97.5	230.8
6	97.5	269.51
7	97.5	388.11
8	97.5	533.13
9	97.5	571.24
1	98	131.58
2	98	190.78
3	98	266.17
4	98	268.52
5	98	232.05
6	98	270.99
7	98	390.29
8	98	536.16
9	98	574.46
1	98.5	132.28
2	98.5	191.84
3	98.5	267.63
4	98.5	269.98
5	98.5	233.3
6	98.5	272.47
7	98.5	392.47
8	98.5	539.19
9	98.5	577.68
1	99	132.98
2	99	192.9
3	99	269.09
4	99	271.44
5	99	234.55
6	99	273.95
7	99	394.65
8	99	542.22
9	99	580.9
1	99.5	133.68
2	99.5	193.96
3	99.5	270.55
4	99.5	272.9
5	99.5	235.8
6	99.5	275.43
7	99.5	396.83
8	99.5	545.25
9	99.5	584.12
1	100	134.38
2	100	195.02
3	100	272.01
4	100	274.36
5	100	237.05
6	100	276.91
7	100	399.01
8	100	548.28
9	100	587.34
1	100.5	135.08
2	100.5	196.08
3	100.5	273.47
4	100.5	275.82
5	100.5	238.3
6	100.5	278.39
7	100.5	401.19
8	100.5	551.31
9	100.5	590.56
1	101	135.78
2	101	197.14
3	101	274.93
4	101	277.28
5	101	239.55
6	101	279.87
7	101	403.37
8	101	554.34
9	101	593.78
1	101.5	136.48
2	101.5	198.2
3	101.5	276.39
4	101.5	278.74
5	101.5	240.8
6	101.5	281.35
7	101.5	405.55
8	101.5	557.37
9	101.5	597
1	102	137.18
2	102	199.26
3	102	277.85
4	102	280.2
5	102	242.05
6	102	282.83
7	102	407.73
8	102	560.4
9	102	600.22
1	102.5	137.88
2	102.5	200.32
3	102.5	279.31
4	102.5	281.66
5	102.5	243.3
6	102.5	284.31
7	102.5	409.91
8	102.5	563.43
9	102.5	603.44
1	103	138.58
2	103	201.38
3	103	280.77
4	103	283.12
5	103	244.55
6	103	285.79
7	103	412.09
8	103	566.46
9	103	606.66
1	103.5	139.28
2	103.5	202.44
3	103.5	282.23
4	103.5	284.58
5	103.5	245.8
6	103.5	287.27
7	103.5	414.27
8	103.5	569.49
9	103.5	609.88
1	104	139.98
2	104	203.5
3	104	283.69
4	104	286.04
5	104	247.05
6	104	288.75
7	104	416.45
8	104	572.52
9	104	613.1
1	104.5	140.68
2	104.5	204.56
3	104.5	285.15
4	104.5	287.5
5	104.5	248.3
6	104.5	290.23
7	104.5	418.63
8	104.5	575.55
9	104.5	616.32
1	105	141.38
2	105	205.62
3	105	286.61
4	105	288.96
5	105	249.55
6	105	291.71
7	105	420.81
8	105	578.58
9	105	619.54
1	105.5	142.08
2	105.5	206.68
3	105.5	288.07
4	105.5	290.42
5	105.5	250.8
6	105.5	293.19
7	105.5	422.99
8	105.5	581.61
9	105.5	622.76
1	106	142.78
2	106	207.74
3	106	289.53
4	106	291.88
5	106	252.05
6	106	294.67
7	106	425.17
8	106	584.64
9	106	625.98
1	106.5	143.48
2	106.5	208.8
3	106.5	290.99
4	106.5	293.34
5	106.5	253.3
6	106.5	296.15
7	106.5	427.35
8	106.5	587.67
9	106.5	629.2
1	107	144.18
2	107	209.86
3	107	292.45
4	107	294.8
5	107	254.55
6	107	297.63
7	107	429.53
8	107	590.7
9	107	632.42
1	107.5	144.88
2	107.5	210.92
3	107.5	293.91
4	107.5	296.26
5	107.5	255.8
6	107.5	299.11
7	107.5	431.71
8	107.5	593.73
9	107.5	635.64
1	108	145.58
2	108	211.98
3	108	295.37
4	108	297.72
5	108	257.05
6	108	300.59
7	108	433.89
8	108	596.76
9	108	638.86
1	108.5	146.28
2	108.5	213.04
3	108.5	296.83
4	108.5	299.18
5	108.5	258.3
6	108.5	302.07
7	108.5	436.07
8	108.5	599.79
9	108.5	642.08
1	109	146.98
2	109	214.1
3	109	298.29
4	109	300.64
5	109	259.55
6	109	303.55
7	109	438.25
8	109	602.82
9	109	645.3
1	109.5	147.68
2	109.5	215.16
3	109.5	299.75
4	109.5	302.1
5	109.5	260.8
6	109.5	305.03
7	109.5	440.43
8	109.5	605.85
9	109.5	648.52
1	110	148.38
2	110	216.22
3	110	301.21
4	110	303.56
5	110	262.05
6	110	306.51
7	110	442.61
8	110	608.88
9	110	651.74
1	110.5	149.08
2	110.5	217.28
3	110.5	302.67
4	110.5	305.02
5	110.5	263.3
6	110.5	307.99
7	110.5	444.79
8	110.5	611.91
9	110.5	654.96
1	111	149.78
2	111	218.34
3	111	304.13
4	111	306.48
5	111	264.55
6	111	309.47
7	111	446.97
8	111	614.94
9	111	658.18
1	111.5	150.48
2	111.5	219.4
3	111.5	305.59
4	111.5	307.94
5	111.5	265.8
6	111.5	310.95
7	111.5	449.15
8	111.5	617.97
9	111.5	661.4
1	112	151.18
2	112	220.46
3	112	307.05
4	112	309.4
5	112	267.05
6	112	312.43
7	112	451.33
8	112	621
9	112	664.62
1	112.5	151.88
2	112.5	221.52
3	112.5	308.51
4	112.5	310.86
5	112.5	268.3
6	112.5	313.91
7	112.5	453.51
8	112.5	624.03
9	112.5	667.84
1	113	152.58
2	113	222.58
3	113	309.97
4	113	312.32
5	113	269.55
6	113	315.39
7	113	455.69
8	113	627.06
9	113	671.06
1	113.5	153.28
2	113.5	223.64
3	113.5	311.43
4	113.5	313.78
5	113.5	270.8
6	113.5	316.87
7	113.5	457.87
8	113.5	630.09
9	113.5	674.28
1	114	153.98
2	114	224.7
3	114	312.89
4	114	315.24
5	114	272.05
6	114	318.35
7	114	460.05
8	114	633.12
9	114	677.5
1	114.5	154.68
2	114.5	225.76
3	114.5	314.35
4	114.5	316.7
5	114.5	273.3
6	114.5	319.83
7	114.5	462.23
8	114.5	636.15
9	114.5	680.72
1	115	155.38
2	115	226.82
3	115	315.81
4	115	318.16
5	115	274.55
6	115	321.31
7	115	464.41
8	115	639.18
9	115	683.94
1	115.5	156.08
2	115.5	227.88
3	115.5	317.27
4	115.5	319.62
5	115.5	275.8
6	115.5	322.79
7	115.5	466.59
8	115.5	642.21
9	115.5	687.16
1	116	156.78
2	116	228.94
3	116	318.73
4	116	321.08
5	116	277.05
6	116	324.27
7	116	468.77
8	116	645.24
9	116	690.38
1	116.5	157.48
2	116.5	230
3	116.5	320.19
4	116.5	322.54
5	116.5	278.3
6	116.5	325.75
7	116.5	470.95
8	116.5	648.27
9	116.5	693.6
1	117	158.18
2	117	231.06
3	117	321.65
4	117	324
5	117	279.55
6	117	327.23
7	117	473.13
8	117	651.3
9	117	696.82
1	117.5	158.88
2	117.5	232.12
3	117.5	323.11
4	117.5	325.46
5	117.5	280.8
6	117.5	328.71
7	117.5	475.31
8	117.5	654.33
9	117.5	700.04
1	118	159.58
2	118	233.18
3	118	324.57
4	118	326.92
5	118	282.05
6	118	330.19
7	118	477.49
8	118	657.36
9	118	703.26
1	118.5	160.28
2	118.5	234.24
3	118.5	326.03
4	118.5	328.38
5	118.5	283.3
6	118.5	331.67
7	118.5	479.67
8	118.5	660.39
9	118.5	706.48
1	119	160.98
2	119	235.3
3	119	327.49
4	119	329.84
5	119	284.55
6	119	333.15
7	119	481.85
8	119	663.42
9	119	709.7
1	119.5	161.68
2	119.5	236.36
3	119.5	328.95
4	119.5	331.3
5	119.5	285.8
6	119.5	334.63
7	119.5	484.03
8	119.5	666.45
9	119.5	712.92
1	120	162.38
2	120	237.42
3	120	330.41
4	120	332.76
5	120	287.05
6	120	336.11
7	120	486.21
8	120	669.48
9	120	716.14
1	120.5	163.08
2	120.5	238.48
3	120.5	331.87
4	120.5	334.22
5	120.5	288.3
6	120.5	337.59
7	120.5	488.39
8	120.5	672.51
9	120.5	719.36
1	121	163.78
2	121	239.54
3	121	333.33
4	121	335.68
5	121	289.55
6	121	339.07
7	121	490.57
8	121	675.54
9	121	722.58
1	121.5	164.48
2	121.5	240.6
3	121.5	334.79
4	121.5	337.14
5	121.5	290.8
6	121.5	340.55
7	121.5	492.75
8	121.5	678.57
9	121.5	725.8
1	122	165.18
2	122	241.66
3	122	336.25
4	122	338.6
5	122	292.05
6	122	342.03
7	122	494.93
8	122	681.6
9	122	729.02
1	122.5	165.88
2	122.5	242.72
3	122.5	337.71
4	122.5	340.06
5	122.5	293.3
6	122.5	343.51
7	122.5	497.11
8	122.5	684.63
9	122.5	732.24
1	123	166.58
2	123	243.78
3	123	339.17
4	123	341.52
5	123	294.55
6	123	344.99
7	123	499.29
8	123	687.66
9	123	735.46
1	123.5	167.28
2	123.5	244.84
3	123.5	340.63
4	123.5	342.98
5	123.5	295.8
6	123.5	346.47
7	123.5	501.47
8	123.5	690.69
9	123.5	738.68
1	124	167.98
2	124	245.9
3	124	342.09
4	124	344.44
5	124	297.05
6	124	347.95
7	124	503.65
8	124	693.72
9	124	741.9
1	124.5	168.68
2	124.5	246.96
3	124.5	343.55
4	124.5	345.9
5	124.5	298.3
6	124.5	349.43
7	124.5	505.83
8	124.5	696.75
9	124.5	745.12
1	125	169.38
2	125	248.02
3	125	345.01
4	125	347.36
5	125	299.55
6	125	350.91
7	125	508.01
8	125	699.78
9	125	748.34
1	125.5	170.08
2	125.5	249.08
3	125.5	346.47
4	125.5	348.82
5	125.5	300.8
6	125.5	352.39
7	125.5	510.19
8	125.5	702.81
9	125.5	751.56
1	126	170.78
2	126	250.14
3	126	347.93
4	126	350.28
5	126	302.05
6	126	353.87
7	126	512.37
8	126	705.84
9	126	754.78
1	126.5	171.48
2	126.5	251.2
3	126.5	349.39
4	126.5	351.74
5	126.5	303.3
6	126.5	355.35
7	126.5	514.55
8	126.5	708.87
9	126.5	758
1	127	172.18
2	127	252.26
3	127	350.85
4	127	353.2
5	127	304.55
6	127	356.83
7	127	516.73
8	127	711.9
9	127	761.22
1	127.5	172.88
2	127.5	253.32
3	127.5	352.31
4	127.5	354.66
5	127.5	305.8
6	127.5	358.31
7	127.5	518.91
8	127.5	714.93
9	127.5	764.44
1	128	173.58
2	128	254.38
3	128	353.77
4	128	356.12
5	128	307.05
6	128	359.79
7	128	521.09
8	128	717.96
9	128	767.66
1	128.5	174.28
2	128.5	255.44
3	128.5	355.23
4	128.5	357.58
5	128.5	308.3
6	128.5	361.27
7	128.5	523.27
8	128.5	720.99
9	128.5	770.88
1	129	174.98
2	129	256.5
3	129	356.69
4	129	359.04
5	129	309.55
6	129	362.75
7	129	525.45
8	129	724.02
9	129	774.1
1	129.5	175.68
2	129.5	257.56
3	129.5	358.15
4	129.5	360.5
5	129.5	310.8
6	129.5	364.23
7	129.5	527.63
8	129.5	727.05
9	129.5	777.32
1	130	176.38
2	130	258.62
3	130	359.61
4	130	361.96
5	130	312.05
6	130	365.71
7	130	529.81
8	130	730.08
9	130	780.54
1	130.5	177.08
2	130.5	259.68
3	130.5	361.07
4	130.5	363.42
5	130.5	313.3
6	130.5	367.19
7	130.5	531.99
8	130.5	733.11
9	130.5	783.76
1	131	177.78
2	131	260.74
3	131	362.53
4	131	364.88
5	131	314.55
6	131	368.67
7	131	534.17
8	131	736.14
9	131	786.98
1	131.5	178.48
2	131.5	261.8
3	131.5	363.99
4	131.5	366.34
5	131.5	315.8
6	131.5	370.15
7	131.5	536.35
8	131.5	739.17
9	131.5	790.2
1	132	179.18
2	132	262.86
3	132	365.45
4	132	367.8
5	132	317.05
6	132	371.63
7	132	538.53
8	132	742.2
9	132	793.42
1	132.5	179.88
2	132.5	263.92
3	132.5	366.91
4	132.5	369.26
5	132.5	318.3
6	132.5	373.11
7	132.5	540.71
8	132.5	745.23
9	132.5	796.64
1	133	180.58
2	133	264.98
3	133	368.37
4	133	370.72
5	133	319.55
6	133	374.59
7	133	542.89
8	133	748.26
9	133	799.86
1	133.5	181.28
2	133.5	266.04
3	133.5	369.83
4	133.5	372.18
5	133.5	320.8
6	133.5	376.07
7	133.5	545.07
8	133.5	751.29
9	133.5	803.08
1	134	181.98
2	134	267.1
3	134	371.29
4	134	373.64
5	134	322.05
6	134	377.55
7	134	547.25
8	134	754.32
9	134	806.3
1	134.5	182.68
2	134.5	268.16
3	134.5	372.75
4	134.5	375.1
5	134.5	323.3
6	134.5	379.03
7	134.5	549.43
8	134.5	757.35
9	134.5	809.52
1	135	183.38
2	135	269.22
3	135	374.21
4	135	376.56
5	135	324.55
6	135	380.51
7	135	551.61
8	135	760.38
9	135	812.74
1	135.5	184.08
2	135.5	270.28
3	135.5	375.67
4	135.5	378.02
5	135.5	325.8
6	135.5	381.99
7	135.5	553.79
8	135.5	763.41
9	135.5	815.96
1	136	184.78
2	136	271.34
3	136	377.13
4	136	379.48
5	136	327.05
6	136	383.47
7	136	555.97
8	136	766.44
9	136	819.18
1	136.5	185.48
2	136.5	272.4
3	136.5	378.59
4	136.5	380.94
5	136.5	328.3
6	136.5	384.95
7	136.5	558.15
8	136.5	769.47
9	136.5	822.4
1	137	186.18
2	137	273.46
3	137	380.05
4	137	382.4
5	137	329.55
6	137	386.43
7	137	560.33
8	137	772.5
9	137	825.62
1	137.5	186.88
2	137.5	274.52
3	137.5	381.51
4	137.5	383.86
5	137.5	330.8
6	137.5	387.91
7	137.5	562.51
8	137.5	775.53
9	137.5	828.84
1	138	187.58
2	138	275.58
3	138	382.97
4	138	385.32
5	138	332.05
6	138	389.39
7	138	564.69
8	138	778.56
9	138	832.06
1	138.5	188.28
2	138.5	276.64
3	138.5	384.43
4	138.5	386.78
5	138.5	333.3
6	138.5	390.87
7	138.5	566.87
8	138.5	781.59
9	138.5	835.28
1	139	188.98
2	139	277.7
3	139	385.89
4	139	388.24
5	139	334.55
6	139	392.35
7	139	569.05
8	139	784.62
9	139	838.5
1	139.5	189.68
2	139.5	278.76
3	139.5	387.35
4	139.5	389.7
5	139.5	335.8
6	139.5	393.83
7	139.5	571.23
8	139.5	787.65
9	139.5	841.72
1	140	190.38
2	140	279.82
3	140	388.81
4	140	391.16
5	140	337.05
6	140	395.31
7	140	573.41
8	140	790.68
9	140	844.94
1	140.5	191.08
2	140.5	280.88
3	140.5	390.27
4	140.5	392.62
5	140.5	338.3
6	140.5	396.79
7	140.5	575.59
8	140.5	793.71
9	140.5	848.16
1	141	191.78
2	141	281.94
3	141	391.73
4	141	394.08
5	141	339.55
6	141	398.27
7	141	577.77
8	141	796.74
9	141	851.38
1	141.5	192.48
2	141.5	283
3	141.5	393.19
4	141.5	395.54
5	141.5	340.8
6	141.5	399.75
7	141.5	579.95
8	141.5	799.77
9	141.5	854.6
1	142	193.18
2	142	284.06
3	142	394.65
4	142	397
5	142	342.05
6	142	401.23
7	142	582.13
8	142	802.8
9	142	857.82
1	142.5	193.88
2	142.5	285.12
3	142.5	396.11
4	142.5	398.46
5	142.5	343.3
6	142.5	402.71
7	142.5	584.31
8	142.5	805.83
9	142.5	861.04
1	143	194.58
2	143	286.18
3	143	397.57
4	143	399.92
5	143	344.55
6	143	404.19
7	143	586.49
8	143	808.86
9	143	864.26
1	143.5	195.28
2	143.5	287.24
3	143.5	399.03
4	143.5	401.38
5	143.5	345.8
6	143.5	405.67
7	143.5	588.67
8	143.5	811.89
9	143.5	867.48
1	144	195.98
2	144	288.3
3	144	400.49
4	144	402.84
5	144	347.05
6	144	407.15
7	144	590.85
8	144	814.92
9	144	870.7
1	144.5	196.68
2	144.5	289.36
3	144.5	401.95
4	144.5	404.3
5	144.5	348.3
6	144.5	408.63
7	144.5	593.03
8	144.5	817.95
9	144.5	873.92
1	145	197.38
2	145	290.42
3	145	403.41
4	145	405.76
5	145	349.55
6	145	410.11
7	145	595.21
8	145	820.98
9	145	877.14
1	145.5	198.08
2	145.5	291.48
3	145.5	404.87
4	145.5	407.22
5	145.5	350.8
6	145.5	411.59
7	145.5	597.39
8	145.5	824.01
9	145.5	880.36
1	146	198.78
2	146	292.54
3	146	406.33
4	146	408.68
5	146	352.05
6	146	413.07
7	146	599.57
8	146	827.04
9	146	883.58
1	146.5	199.48
2	146.5	293.6
3	146.5	407.79
4	146.5	410.14
5	146.5	353.3
6	146.5	414.55
7	146.5	601.75
8	146.5	830.07
9	146.5	886.8
1	147	200.18
2	147	294.66
3	147	409.25
4	147	411.6
5	147	354.55
6	147	416.03
7	147	603.93
8	147	833.1
9	147	890.02
1	147.5	200.88
2	147.5	295.72
3	147.5	410.71
4	147.5	413.06
5	147.5	355.8
6	147.5	417.51
7	147.5	606.11
8	147.5	836.13
9	147.5	893.24
1	148	201.58
2	148	296.78
3	148	412.17
4	148	414.52
5	148	357.05
6	148	418.99
7	148	608.29
8	148	839.16
9	148	896.46
1	148.5	202.28
2	148.5	297.84
3	148.5	413.63
4	148.5	415.98
5	148.5	358.3
6	148.5	420.47
7	148.5	610.47
8	148.5	842.19
9	148.5	899.68
1	149	202.98
2	149	298.9
3	149	415.09
4	149	417.44
5	149	359.55
6	149	421.95
7	149	612.65
8	149	845.22
9	149	902.9
1	149.5	203.68
2	149.5	299.96
3	149.5	416.55
4	149.5	418.9
5	149.5	360.8
6	149.5	423.43
7	149.5	614.83
8	149.5	848.25
9	149.5	906.12
1	150	204.38
2	150	301.02
3	150	418.01
4	150	420.36
5	150	362.05
6	150	424.91
7	150	617.01
8	150	851.28
9	150	909.34
1	150.5	205.08
2	150.5	302.08
3	150.5	419.47
4	150.5	421.82
5	150.5	363.3
6	150.5	426.39
7	150.5	619.19
8	150.5	854.31
9	150.5	912.56
1	151	205.78
2	151	303.14
3	151	420.93
4	151	423.28
5	151	364.55
6	151	427.87
7	151	621.37
8	151	857.34
9	151	915.78
1	151.5	206.48
2	151.5	304.2
3	151.5	422.39
4	151.5	424.74
5	151.5	365.8
6	151.5	429.35
7	151.5	623.55
8	151.5	860.37
9	151.5	919
1	152	207.18
2	152	305.26
3	152	423.85
4	152	426.2
5	152	367.05
6	152	430.83
7	152	625.73
8	152	863.4
9	152	922.22
1	152.5	207.88
2	152.5	306.32
3	152.5	425.31
4	152.5	427.66
5	152.5	368.3
6	152.5	432.31
7	152.5	627.91
8	152.5	866.43
9	152.5	925.44
1	153	208.58
2	153	307.38
3	153	426.77
4	153	429.12
5	153	369.55
6	153	433.79
7	153	630.09
8	153	869.46
9	153	928.66
1	153.5	209.28
2	153.5	308.44
3	153.5	428.23
4	153.5	430.58
5	153.5	370.8
6	153.5	435.27
7	153.5	632.27
8	153.5	872.49
9	153.5	931.88
1	154	209.98
2	154	309.5
3	154	429.69
4	154	432.04
5	154	372.05
6	154	436.75
7	154	634.45
8	154	875.52
9	154	935.1
1	154.5	210.68
2	154.5	310.56
3	154.5	431.15
4	154.5	433.5
5	154.5	373.3
6	154.5	438.23
7	154.5	636.63
8	154.5	878.55
9	154.5	938.32
1	155	211.38
2	155	311.62
3	155	432.61
4	155	434.96
5	155	374.55
6	155	439.71
7	155	638.81
8	155	881.58
9	155	941.54
1	155.5	212.08
2	155.5	312.68
3	155.5	434.07
4	155.5	436.42
5	155.5	375.8
6	155.5	441.19
7	155.5	640.99
8	155.5	884.61
9	155.5	944.76
1	156	212.78
2	156	313.74
3	156	435.53
4	156	437.88
5	156	377.05
6	156	442.67
7	156	643.17
8	156	887.64
9	156	947.98
1	156.5	213.48
2	156.5	314.8
3	156.5	436.99
4	156.5	439.34
5	156.5	378.3
6	156.5	444.15
7	156.5	645.35
8	156.5	890.67
9	156.5	951.2
1	157	214.18
2	157	315.86
3	157	438.45
4	157	440.8
5	157	379.55
6	157	445.63
7	157	647.53
8	157	893.7
9	157	954.42
1	157.5	214.88
2	157.5	316.92
3	157.5	439.91
4	157.5	442.26
5	157.5	380.8
6	157.5	447.11
7	157.5	649.71
8	157.5	896.73
9	157.5	957.64
1	158	215.58
2	158	317.98
3	158	441.37
4	158	443.72
5	158	382.05
6	158	448.59
7	158	651.89
8	158	899.76
9	158	960.86
1	158.5	216.28
2	158.5	319.04
3	158.5	442.83
4	158.5	445.18
5	158.5	383.3
6	158.5	450.07
7	158.5	654.07
8	158.5	902.79
9	158.5	964.08
1	159	216.98
2	159	320.1
3	159	444.29
4	159	446.64
5	159	384.55
6	159	451.55
7	159	656.25
8	159	905.82
9	159	967.3
1	159.5	217.68
2	159.5	321.16
3	159.5	445.75
4	159.5	448.1
5	159.5	385.8
6	159.5	453.03
7	159.5	658.43
8	159.5	908.85
9	159.5	970.52
1	160	218.38
2	160	322.22
3	160	447.21
4	160	449.56
5	160	387.05
6	160	454.51
7	160	660.61
8	160	911.88
9	160	973.74
1	160.5	219.08
2	160.5	323.28
3	160.5	448.67
4	160.5	451.02
5	160.5	388.3
6	160.5	455.99
7	160.5	662.79
8	160.5	914.91
9	160.5	976.96
1	161	219.78
2	161	324.34
3	161	450.13
4	161	452.48
5	161	389.55
6	161	457.47
7	161	664.97
8	161	917.94
9	161	980.18
1	161.5	220.48
2	161.5	325.4
3	161.5	451.59
4	161.5	453.94
5	161.5	390.8
6	161.5	458.95
7	161.5	667.15
8	161.5	920.97
9	161.5	983.4
1	162	221.18
2	162	326.46
3	162	453.05
4	162	455.4
5	162	392.05
6	162	460.43
7	162	669.33
8	162	924
9	162	986.62
1	162.5	221.88
2	162.5	327.52
3	162.5	454.51
4	162.5	456.86
5	162.5	393.3
6	162.5	461.91
7	162.5	671.51
8	162.5	927.03
9	162.5	989.84
1	163	222.58
2	163	328.58
3	163	455.97
4	163	458.32
5	163	394.55
6	163	463.39
7	163	673.69
8	163	930.06
9	163	993.06
1	163.5	223.28
2	163.5	329.64
3	163.5	457.43
4	163.5	459.78
5	163.5	395.8
6	163.5	464.87
7	163.5	675.87
8	163.5	933.09
9	163.5	996.28
1	164	223.98
2	164	330.7
3	164	458.89
4	164	461.24
5	164	397.05
6	164	466.35
7	164	678.05
8	164	936.12
9	164	999.5
1	164.5	224.68
2	164.5	331.76
3	164.5	460.35
4	164.5	462.7
5	164.5	398.3
6	164.5	467.83
7	164.5	680.23
8	164.5	939.15
9	164.5	1002.72
1	165	225.38
2	165	332.82
3	165	461.81
4	165	464.16
5	165	399.55
6	165	469.31
7	165	682.41
8	165	942.18
9	165	1005.94
1	165.5	226.08
2	165.5	333.88
3	165.5	463.27
4	165.5	465.62
5	165.5	400.8
6	165.5	470.79
7	165.5	684.59
8	165.5	945.21
9	165.5	1009.16
1	166	226.78
2	166	334.94
3	166	464.73
4	166	467.08
5	166	402.05
6	166	472.27
7	166	686.77
8	166	948.24
9	166	1012.38
1	166.5	227.48
2	166.5	336
3	166.5	466.19
4	166.5	468.54
5	166.5	403.3
6	166.5	473.75
7	166.5	688.95
8	166.5	951.27
9	166.5	1015.6
1	167	228.18
2	167	337.06
3	167	467.65
4	167	470
5	167	404.55
6	167	475.23
7	167	691.13
8	167	954.3
9	167	1018.82
1	167.5	228.88
2	167.5	338.12
3	167.5	469.11
4	167.5	471.46
5	167.5	405.8
6	167.5	476.71
7	167.5	693.31
8	167.5	957.33
9	167.5	1022.04
1	168	229.58
2	168	339.18
3	168	470.57
4	168	472.92
5	168	407.05
6	168	478.19
7	168	695.49
8	168	960.36
9	168	1025.26
1	168.5	230.28
2	168.5	340.24
3	168.5	472.03
4	168.5	474.38
5	168.5	408.3
6	168.5	479.67
7	168.5	697.67
8	168.5	963.39
9	168.5	1028.48
1	169	230.98
2	169	341.3
3	169	473.49
4	169	475.84
5	169	409.55
6	169	481.15
7	169	699.85
8	169	966.42
9	169	1031.7
1	169.5	231.68
2	169.5	342.36
3	169.5	474.95
4	169.5	477.3
5	169.5	410.8
6	169.5	482.63
7	169.5	702.03
8	169.5	969.45
9	169.5	1034.92
1	170	232.38
2	170	343.42
3	170	476.41
4	170	478.76
5	170	412.05
6	170	484.11
7	170	704.21
8	170	972.48
9	170	1038.14
1	170.5	233.08
2	170.5	344.48
3	170.5	477.87
4	170.5	480.22
5	170.5	413.3
6	170.5	485.59
7	170.5	706.39
8	170.5	975.51
9	170.5	1041.36
1	171	233.78
2	171	345.54
3	171	479.33
4	171	481.68
5	171	414.55
6	171	487.07
7	171	708.57
8	171	978.54
9	171	1044.58
1	171.5	234.48
2	171.5	346.6
3	171.5	480.79
4	171.5	483.14
5	171.5	415.8
6	171.5	488.55
7	171.5	710.75
8	171.5	981.57
9	171.5	1047.8
1	172	235.18
2	172	347.66
3	172	482.25
4	172	484.6
5	172	417.05
6	172	490.03
7	172	712.93
8	172	984.6
9	172	1051.02
1	172.5	235.88
2	172.5	348.72
3	172.5	483.71
4	172.5	486.06
5	172.5	418.3
6	172.5	491.51
7	172.5	715.11
8	172.5	987.63
9	172.5	1054.24
1	173	236.58
2	173	349.78
3	173	485.17
4	173	487.52
5	173	419.55
6	173	492.99
7	173	717.29
8	173	990.66
9	173	1057.46
1	173.5	237.28
2	173.5	350.84
3	173.5	486.63
4	173.5	488.98
5	173.5	420.8
6	173.5	494.47
7	173.5	719.47
8	173.5	993.69
9	173.5	1060.68
1	174	237.98
2	174	351.9
3	174	488.09
4	174	490.44
5	174	422.05
6	174	495.95
7	174	721.65
8	174	996.72
9	174	1063.9
1	174.5	238.68
2	174.5	352.96
3	174.5	489.55
4	174.5	491.9
5	174.5	423.3
6	174.5	497.43
7	174.5	723.83
8	174.5	999.75
9	174.5	1067.12
1	175	239.38
2	175	354.02
3	175	491.01
4	175	493.36
5	175	424.55
6	175	498.91
7	175	726.01
8	175	1002.78
9	175	1070.34
1	175.5	240.08
2	175.5	355.08
3	175.5	492.47
4	175.5	494.82
5	175.5	425.8
6	175.5	500.39
7	175.5	728.19
8	175.5	1005.81
9	175.5	1073.56
1	176	240.78
2	176	356.14
3	176	493.93
4	176	496.28
5	176	427.05
6	176	501.87
7	176	730.37
8	176	1008.84
9	176	1076.78
1	176.5	241.48
2	176.5	357.2
3	176.5	495.39
4	176.5	497.74
5	176.5	428.3
6	176.5	503.35
7	176.5	732.55
8	176.5	1011.87
9	176.5	1080
1	177	242.18
2	177	358.26
3	177	496.85
4	177	499.2
5	177	429.55
6	177	504.83
7	177	734.73
8	177	1014.9
9	177	1083.22
1	177.5	242.88
2	177.5	359.32
3	177.5	498.31
4	177.5	500.66
5	177.5	430.8
6	177.5	506.31
7	177.5	736.91
8	177.5	1017.93
9	177.5	1086.44
1	178	243.58
2	178	360.38
3	178	499.77
4	178	502.12
5	178	432.05
6	178	507.79
7	178	739.09
8	178	1020.96
9	178	1089.66
1	178.5	244.28
2	178.5	361.44
3	178.5	501.23
4	178.5	503.58
5	178.5	433.3
6	178.5	509.27
7	178.5	741.27
8	178.5	1023.99
9	178.5	1092.88
1	179	244.98
2	179	362.5
3	179	502.69
4	179	505.04
5	179	434.55
6	179	510.75
7	179	743.45
8	179	1027.02
9	179	1096.1
1	179.5	245.68
2	179.5	363.56
3	179.5	504.15
4	179.5	506.5
5	179.5	435.8
6	179.5	512.23
7	179.5	745.63
8	179.5	1030.05
9	179.5	1099.32
1	180	246.38
2	180	364.62
3	180	505.61
4	180	507.96
5	180	437.05
6	180	513.71
7	180	747.81
8	180	1033.08
9	180	1102.54
1	180.5	247.08
2	180.5	365.68
3	180.5	507.07
4	180.5	509.42
5	180.5	438.3
6	180.5	515.19
7	180.5	749.99
8	180.5	1036.11
9	180.5	1105.76
1	181	247.78
2	181	366.74
3	181	508.53
4	181	510.88
5	181	439.55
6	181	516.67
7	181	752.17
8	181	1039.14
9	181	1108.98
1	181.5	248.48
2	181.5	367.8
3	181.5	509.99
4	181.5	512.34
5	181.5	440.8
6	181.5	518.15
7	181.5	754.35
8	181.5	1042.17
9	181.5	1112.2
1	182	249.18
2	182	368.86
3	182	511.45
4	182	513.8
5	182	442.05
6	182	519.63
7	182	756.53
8	182	1045.2
9	182	1115.42
1	182.5	249.88
2	182.5	369.92
3	182.5	512.91
4	182.5	515.26
5	182.5	443.3
6	182.5	521.11
7	182.5	758.71
8	182.5	1048.23
9	182.5	1118.64
1	183	250.58
2	183	370.98
3	183	514.37
4	183	516.72
5	183	444.55
6	183	522.59
7	183	760.89
8	183	1051.26
9	183	1121.86
1	183.5	251.28
2	183.5	372.04
3	183.5	515.83
4	183.5	518.18
5	183.5	445.8
6	183.5	524.07
7	183.5	763.07
8	183.5	1054.29
9	183.5	1125.08
1	184	251.98
2	184	373.1
3	184	517.29
4	184	519.64
5	184	447.05
6	184	525.55
7	184	765.25
8	184	1057.32
9	184	1128.3
1	184.5	252.68
2	184.5	374.16
3	184.5	518.75
4	184.5	521.1
5	184.5	448.3
6	184.5	527.03
7	184.5	767.43
8	184.5	1060.35
9	184.5	1131.52
1	185	253.38
2	185	375.22
3	185	520.21
4	185	522.56
5	185	449.55
6	185	528.51
7	185	769.61
8	185	1063.38
9	185	1134.74
1	185.5	254.08
2	185.5	376.28
3	185.5	521.67
4	185.5	524.02
5	185.5	450.8
6	185.5	529.99
7	185.5	771.79
8	185.5	1066.41
9	185.5	1137.96
1	186	254.78
2	186	377.34
3	186	523.13
4	186	525.48
5	186	452.05
6	186	531.47
7	186	773.97
8	186	1069.44
9	186	1141.18
1	186.5	255.48
2	186.5	378.4
3	186.5	524.59
4	186.5	526.94
5	186.5	453.3
6	186.5	532.95
7	186.5	776.15
8	186.5	1072.47
9	186.5	1144.4
1	187	256.18
2	187	379.46
3	187	526.05
4	187	528.4
5	187	454.55
6	187	534.43
7	187	778.33
8	187	1075.5
9	187	1147.62
1	187.5	256.88
2	187.5	380.52
3	187.5	527.51
4	187.5	529.86
5	187.5	455.8
6	187.5	535.91
7	187.5	780.51
8	187.5	1078.53
9	187.5	1150.84
1	188	257.58
2	188	381.58
3	188	528.97
4	188	531.32
5	188	457.05
6	188	537.39
7	188	782.69
8	188	1081.56
9	188	1154.06
1	188.5	258.28
2	188.5	382.64
3	188.5	530.43
4	188.5	532.78
5	188.5	458.3
6	188.5	538.87
7	188.5	784.87
8	188.5	1084.59
9	188.5	1157.28
1	189	258.98
2	189	383.7
3	189	531.89
4	189	534.24
5	189	459.55
6	189	540.35
7	189	787.05
8	189	1087.62
9	189	1160.5
1	189.5	259.68
2	189.5	384.76
3	189.5	533.35
4	189.5	535.7
5	189.5	460.8
6	189.5	541.83
7	189.5	789.23
8	189.5	1090.65
9	189.5	1163.72
1	190	260.38
2	190	385.82
3	190	534.81
4	190	537.16
5	190	462.05
6	190	543.31
7	190	791.41
8	190	1093.68
9	190	1166.94
1	190.5	261.08
2	190.5	386.88
3	190.5	536.27
4	190.5	538.62
5	190.5	463.3
6	190.5	544.79
7	190.5	793.59
8	190.5	1096.71
9	190.5	1170.16
1	191	261.78
2	191	387.94
3	191	537.73
4	191	540.08
5	191	464.55
6	191	546.27
7	191	795.77
8	191	1099.74
9	191	1173.38
1	191.5	262.48
2	191.5	389
3	191.5	539.19
4	191.5	541.54
5	191.5	465.8
6	191.5	547.75
7	191.5	797.95
8	191.5	1102.77
9	191.5	1176.6
1	192	263.18
2	192	390.06
3	192	540.65
4	192	543
5	192	467.05
6	192	549.23
7	192	800.13
8	192	1105.8
9	192	1179.82
1	192.5	263.88
2	192.5	391.12
3	192.5	542.11
4	192.5	544.46
5	192.5	468.3
6	192.5	550.71
7	192.5	802.31
8	192.5	1108.83
9	192.5	1183.04
1	193	264.58
2	193	392.18
3	193	543.57
4	193	545.92
5	193	469.55
6	193	552.19
7	193	804.49
8	193	1111.86
9	193	1186.26
1	193.5	265.28
2	193.5	393.24
3	193.5	545.03
4	193.5	547.38
5	193.5	470.8
6	193.5	553.67
7	193.5	806.67
8	193.5	1114.89
9	193.5	1189.48
1	194	265.98
2	194	394.3
3	194	546.49
4	194	548.84
5	194	472.05
6	194	555.15
7	194	808.85
8	194	1117.92
9	194	1192.7
1	194.5	266.68
2	194.5	395.36
3	194.5	547.95
4	194.5	550.3
5	194.5	473.3
6	194.5	556.63
7	194.5	811.03
8	194.5	1120.95
9	194.5	1195.92
1	195	267.38
2	195	396.42
3	195	549.41
4	195	551.76
5	195	474.55
6	195	558.11
7	195	813.21
8	195	1123.98
9	195	1199.14
1	195.5	268.08
2	195.5	397.48
3	195.5	550.87
4	195.5	553.22
5	195.5	475.8
6	195.5	559.59
7	195.5	815.39
8	195.5	1127.01
9	195.5	1202.36
1	196	268.78
2	196	398.54
3	196	552.33
4	196	554.68
5	196	477.05
6	196	561.07
7	196	817.57
8	196	1130.04
9	196	1205.58
1	196.5	269.48
2	196.5	399.6
3	196.5	553.79
4	196.5	556.14
5	196.5	478.3
6	196.5	562.55
7	196.5	819.75
8	196.5	1133.07
9	196.5	1208.8
1	197	270.18
2	197	400.66
3	197	555.25
4	197	557.6
5	197	479.55
6	197	564.03
7	197	821.93
8	197	1136.1
9	197	1212.02
1	197.5	270.88
2	197.5	401.72
3	197.5	556.71
4	197.5	559.06
5	197.5	480.8
6	197.5	565.51
7	197.5	824.11
8	197.5	1139.13
9	197.5	1215.24
1	198	271.58
2	198	402.78
3	198	558.17
4	198	560.52
5	198	482.05
6	198	566.99
7	198	826.29
8	198	1142.16
9	198	1218.46
1	198.5	272.28
2	198.5	403.84
3	198.5	559.63
4	198.5	561.98
5	198.5	483.3
6	198.5	568.47
7	198.5	828.47
8	198.5	1145.19
9	198.5	1221.68
1	199	272.98
2	199	404.9
3	199	561.09
4	199	563.44
5	199	484.55
6	199	569.95
7	199	830.65
8	199	1148.22
9	199	1224.9
1	199.5	273.68
2	199.5	405.96
3	199.5	562.55
4	199.5	564.9
5	199.5	485.8
6	199.5	571.43
7	199.5	832.83
8	199.5	1151.25
9	199.5	1228.12
1	200	274.38
2	200	407.02
3	200	564.01
4	200	566.36
5	200	487.05
6	200	572.91
7	200	835.01
8	200	1154.28
9	200	1231.34
1	200.5	275.08
2	200.5	408.08
3	200.5	565.47
4	200.5	567.82
5	200.5	488.3
6	200.5	574.39
7	200.5	837.19
8	200.5	1157.31
9	200.5	1234.56
1	201	275.78
2	201	409.14
3	201	566.93
4	201	569.28
5	201	489.55
6	201	575.87
7	201	839.37
8	201	1160.34
9	201	1237.78
1	201.5	276.48
2	201.5	410.2
3	201.5	568.39
4	201.5	570.74
5	201.5	490.8
6	201.5	577.35
7	201.5	841.55
8	201.5	1163.37
9	201.5	1241
1	202	277.18
2	202	411.26
3	202	569.85
4	202	572.2
5	202	492.05
6	202	578.83
7	202	843.73
8	202	1166.4
9	202	1244.22
1	202.5	277.88
2	202.5	412.32
3	202.5	571.31
4	202.5	573.66
5	202.5	493.3
6	202.5	580.31
7	202.5	845.91
8	202.5	1169.43
9	202.5	1247.44
1	203	278.58
2	203	413.38
3	203	572.77
4	203	575.12
5	203	494.55
6	203	581.79
7	203	848.09
8	203	1172.46
9	203	1250.66
1	203.5	279.28
2	203.5	414.44
3	203.5	574.23
4	203.5	576.58
5	203.5	495.8
6	203.5	583.27
7	203.5	850.27
8	203.5	1175.49
9	203.5	1253.88
1	204	279.98
2	204	415.5
3	204	575.69
4	204	578.04
5	204	497.05
6	204	584.75
7	204	852.45
8	204	1178.52
9	204	1257.1
1	204.5	280.68
2	204.5	416.56
3	204.5	577.15
4	204.5	579.5
5	204.5	498.3
6	204.5	586.23
7	204.5	854.63
8	204.5	1181.55
9	204.5	1260.32
1	205	281.38
2	205	417.62
3	205	578.61
4	205	580.96
5	205	499.55
6	205	587.71
7	205	856.81
8	205	1184.58
9	205	1263.54
1	205.5	282.08
2	205.5	418.68
3	205.5	580.07
4	205.5	582.42
5	205.5	500.8
6	205.5	589.19
7	205.5	858.99
8	205.5	1187.61
9	205.5	1266.76
1	206	282.78
2	206	419.74
3	206	581.53
4	206	583.88
5	206	502.05
6	206	590.67
7	206	861.17
8	206	1190.64
9	206	1269.98
1	206.5	283.48
2	206.5	420.8
3	206.5	582.99
4	206.5	585.34
5	206.5	503.3
6	206.5	592.15
7	206.5	863.35
8	206.5	1193.67
9	206.5	1273.2
1	207	284.18
2	207	421.86
3	207	584.45
4	207	586.8
5	207	504.55
6	207	593.63
7	207	865.53
8	207	1196.7
9	207	1276.42
1	207.5	284.88
2	207.5	422.92
3	207.5	585.91
4	207.5	588.26
5	207.5	505.8
6	207.5	595.11
7	207.5	867.71
8	207.5	1199.73
9	207.5	1279.64
1	208	285.58
2	208	423.98
3	208	587.37
4	208	589.72
5	208	507.05
6	208	596.59
7	208	869.89
8	208	1202.76
9	208	1282.86
1	208.5	286.28
2	208.5	425.04
3	208.5	588.83
4	208.5	591.18
5	208.5	508.3
6	208.5	598.07
7	208.5	872.07
8	208.5	1205.79
9	208.5	1286.08
1	209	286.98
2	209	426.1
3	209	590.29
4	209	592.64
5	209	509.55
6	209	599.55
7	209	874.25
8	209	1208.82
9	209	1289.3
1	209.5	287.68
2	209.5	427.16
3	209.5	591.75
4	209.5	594.1
5	209.5	510.8
6	209.5	601.03
7	209.5	876.43
8	209.5	1211.85
9	209.5	1292.52
1	210	288.38
2	210	428.22
3	210	593.21
4	210	595.56
5	210	512.05
6	210	602.51
7	210	878.61
8	210	1214.88
9	210	1295.74
1	210.5	289.08
2	210.5	429.28
3	210.5	594.67
4	210.5	597.02
5	210.5	513.3
6	210.5	603.99
7	210.5	880.79
8	210.5	1217.91
9	210.5	1298.96
1	211	289.78
2	211	430.34
3	211	596.13
4	211	598.48
5	211	514.55
6	211	605.47
7	211	882.97
8	211	1220.94
9	211	1302.18
1	211.5	290.48
2	211.5	431.4
3	211.5	597.59
4	211.5	599.94
5	211.5	515.8
6	211.5	606.95
7	211.5	885.15
8	211.5	1223.97
9	211.5	1305.4
1	212	291.18
2	212	432.46
3	212	599.05
4	212	601.4
5	212	517.05
6	212	608.43
7	212	887.33
8	212	1227
9	212	1308.62
1	212.5	291.88
2	212.5	433.52
3	212.5	600.51
4	212.5	602.86
5	212.5	518.3
6	212.5	609.91
7	212.5	889.51
8	212.5	1230.03
9	212.5	1311.84
1	213	292.58
2	213	434.58
3	213	601.97
4	213	604.32
5	213	519.55
6	213	611.39
7	213	891.69
8	213	1233.06
9	213	1315.06
1	213.5	293.28
2	213.5	435.64
3	213.5	603.43
4	213.5	605.78
5	213.5	520.8
6	213.5	612.87
7	213.5	893.87
8	213.5	1236.09
9	213.5	1318.28
1	214	293.98
2	214	436.7
3	214	604.89
4	214	607.24
5	214	522.05
6	214	614.35
7	214	896.05
8	214	1239.12
9	214	1321.5
1	214.5	294.68
2	214.5	437.76
3	214.5	606.35
4	214.5	608.7
5	214.5	523.3
6	214.5	615.83
7	214.5	898.23
8	214.5	1242.15
9	214.5	1324.72
1	215	295.38
2	215	438.82
3	215	607.81
4	215	610.16
5	215	524.55
6	215	617.31
7	215	900.41
8	215	1245.18
9	215	1327.94
1	215.5	296.08
2	215.5	439.88
3	215.5	609.27
4	215.5	611.62
5	215.5	525.8
6	215.5	618.79
7	215.5	902.59
8	215.5	1248.21
9	215.5	1331.16
1	216	296.78
2	216	440.94
3	216	610.73
4	216	613.08
5	216	527.05
6	216	620.27
7	216	904.77
8	216	1251.24
9	216	1334.38
1	216.5	297.48
2	216.5	442
3	216.5	612.19
4	216.5	614.54
5	216.5	528.3
6	216.5	621.75
7	216.5	906.95
8	216.5	1254.27
9	216.5	1337.6
1	217	298.18
2	217	443.06
3	217	613.65
4	217	616
5	217	529.55
6	217	623.23
7	217	909.13
8	217	1257.3
9	217	1340.82
1	217.5	298.88
2	217.5	444.12
3	217.5	615.11
4	217.5	617.46
5	217.5	530.8
6	217.5	624.71
7	217.5	911.31
8	217.5	1260.33
9	217.5	1344.04
1	218	299.58
2	218	445.18
3	218	616.57
4	218	618.92
5	218	532.05
6	218	626.19
7	218	913.49
8	218	1263.36
9	218	1347.26
1	218.5	300.28
2	218.5	446.24
3	218.5	618.03
4	218.5	620.38
5	218.5	533.3
6	218.5	627.67
7	218.5	915.67
8	218.5	1266.39
9	218.5	1350.48
1	219	300.98
2	219	447.3
3	219	619.49
4	219	621.84
5	219	534.55
6	219	629.15
7	219	917.85
8	219	1269.42
9	219	1353.7
1	219.5	301.68
2	219.5	448.36
3	219.5	620.95
4	219.5	623.3
5	219.5	535.8
6	219.5	630.63
7	219.5	920.03
8	219.5	1272.45
9	219.5	1356.92
1	220	302.38
2	220	449.42
3	220	622.41
4	220	624.76
5	220	537.05
6	220	632.11
7	220	922.21
8	220	1275.48
9	220	1360.14
1	220.5	303.08
2	220.5	450.48
3	220.5	623.87
4	220.5	626.22
5	220.5	538.3
6	220.5	633.59
7	220.5	924.39
8	220.5	1278.51
9	220.5	1363.36
1	221	303.78
2	221	451.54
3	221	625.33
4	221	627.68
5	221	539.55
6	221	635.07
7	221	926.57
8	221	1281.54
9	221	1366.58
1	221.5	304.48
2	221.5	452.6
3	221.5	626.79
4	221.5	629.14
5	221.5	540.8
6	221.5	636.55
7	221.5	928.75
8	221.5	1284.57
9	221.5	1369.8
1	222	305.18
2	222	453.66
3	222	628.25
4	222	630.6
5	222	542.05
6	222	638.03
7	222	930.93
8	222	1287.6
9	222	1373.02
1	222.5	305.88
2	222.5	454.72
3	222.5	629.71
4	222.5	632.06
5	222.5	543.3
6	222.5	639.51
7	222.5	933.11
8	222.5	1290.63
9	222.5	1376.24
1	223	306.58
2	223	455.78
3	223	631.17
4	223	633.52
5	223	544.55
6	223	640.99
7	223	935.29
8	223	1293.66
9	223	1379.46
1	223.5	307.28
2	223.5	456.84
3	223.5	632.63
4	223.5	634.98
5	223.5	545.8
6	223.5	642.47
7	223.5	937.47
8	223.5	1296.69
9	223.5	1382.68
1	224	307.98
2	224	457.9
3	224	634.09
4	224	636.44
5	224	547.05
6	224	643.95
7	224	939.65
8	224	1299.72
9	224	1385.9
1	224.5	308.68
2	224.5	458.96
3	224.5	635.55
4	224.5	637.9
5	224.5	548.3
6	224.5	645.43
7	224.5	941.83
8	224.5	1302.75
9	224.5	1389.12
1	225	309.38
2	225	460.02
3	225	637.01
4	225	639.36
5	225	549.55
6	225	646.91
7	225	944.01
8	225	1305.78
9	225	1392.34
1	225.5	310.08
2	225.5	461.08
3	225.5	638.47
4	225.5	640.82
5	225.5	550.8
6	225.5	648.39
7	225.5	946.19
8	225.5	1308.81
9	225.5	1395.56
1	226	310.78
2	226	462.14
3	226	639.93
4	226	642.28
5	226	552.05
6	226	649.87
7	226	948.37
8	226	1311.84
9	226	1398.78
1	226.5	311.48
2	226.5	463.2
3	226.5	641.39
4	226.5	643.74
5	226.5	553.3
6	226.5	651.35
7	226.5	950.55
8	226.5	1314.87
9	226.5	1402
1	227	312.18
2	227	464.26
3	227	642.85
4	227	645.2
5	227	554.55
6	227	652.83
7	227	952.73
8	227	1317.9
9	227	1405.22
1	227.5	312.88
2	227.5	465.32
3	227.5	644.31
4	227.5	646.66
5	227.5	555.8
6	227.5	654.31
7	227.5	954.91
8	227.5	1320.93
9	227.5	1408.44
1	228	313.58
2	228	466.38
3	228	645.77
4	228	648.12
5	228	557.05
6	228	655.79
7	228	957.09
8	228	1323.96
9	228	1411.66
1	228.5	314.28
2	228.5	467.44
3	228.5	647.23
4	228.5	649.58
5	228.5	558.3
6	228.5	657.27
7	228.5	959.27
8	228.5	1326.99
9	228.5	1414.88
1	229	314.98
2	229	468.5
3	229	648.69
4	229	651.04
5	229	559.55
6	229	658.75
7	229	961.45
8	229	1330.02
9	229	1418.1
1	229.5	315.68
2	229.5	469.56
3	229.5	650.15
4	229.5	652.5
5	229.5	560.8
6	229.5	660.23
7	229.5	963.63
8	229.5	1333.05
9	229.5	1421.32
1	230	316.38
2	230	470.62
3	230	651.61
4	230	653.96
5	230	562.05
6	230	661.71
7	230	965.81
8	230	1336.08
9	230	1424.54
1	230.5	317.08
2	230.5	471.68
3	230.5	653.07
4	230.5	655.42
5	230.5	563.3
6	230.5	663.19
7	230.5	967.99
8	230.5	1339.11
9	230.5	1427.76
1	231	317.78
2	231	472.74
3	231	654.53
4	231	656.88
5	231	564.55
6	231	664.67
7	231	970.17
8	231	1342.14
9	231	1430.98
1	231.5	318.48
2	231.5	473.8
3	231.5	655.99
4	231.5	658.34
5	231.5	565.8
6	231.5	666.15
7	231.5	972.35
8	231.5	1345.17
9	231.5	1434.2
1	232	319.18
2	232	474.86
3	232	657.45
4	232	659.8
5	232	567.05
6	232	667.63
7	232	974.53
8	232	1348.2
9	232	1437.42
1	232.5	319.88
2	232.5	475.92
3	232.5	658.91
4	232.5	661.26
5	232.5	568.3
6	232.5	669.11
7	232.5	976.71
8	232.5	1351.23
9	232.5	1440.64
1	233	320.58
2	233	476.98
3	233	660.37
4	233	662.72
5	233	569.55
6	233	670.59
7	233	978.89
8	233	1354.26
9	233	1443.86
1	233.5	321.28
2	233.5	478.04
3	233.5	661.83
4	233.5	664.18
5	233.5	570.8
6	233.5	672.07
7	233.5	981.07
8	233.5	1357.29
9	233.5	1447.08
1	234	321.98
2	234	479.1
3	234	663.29
4	234	665.64
5	234	572.05
6	234	673.55
7	234	983.25
8	234	1360.32
9	234	1450.3
1	234.5	322.68
2	234.5	480.16
3	234.5	664.75
4	234.5	667.1
5	234.5	573.3
6	234.5	675.03
7	234.5	985.43
8	234.5	1363.35
9	234.5	1453.52
1	235	323.38
2	235	481.22
3	235	666.21
4	235	668.56
5	235	574.55
6	235	676.51
7	235	987.61
8	235	1366.38
9	235	1456.74
1	235.5	324.08
2	235.5	482.28
3	235.5	667.67
4	235.5	670.02
5	235.5	575.8
6	235.5	677.99
7	235.5	989.79
8	235.5	1369.41
9	235.5	1459.96
1	236	324.78
2	236	483.34
3	236	669.13
4	236	671.48
5	236	577.05
6	236	679.47
7	236	991.97
8	236	1372.44
9	236	1463.18
1	236.5	325.48
2	236.5	484.4
3	236.5	670.59
4	236.5	672.94
5	236.5	578.3
6	236.5	680.95
7	236.5	994.15
8	236.5	1375.47
9	236.5	1466.4
1	237	326.18
2	237	485.46
3	237	672.05
4	237	674.4
5	237	579.55
6	237	682.43
7	237	996.33
8	237	1378.5
9	237	1469.62
1	237.5	326.88
2	237.5	486.52
3	237.5	673.51
4	237.5	675.86
5	237.5	580.8
6	237.5	683.91
7	237.5	998.51
8	237.5	1381.53
9	237.5	1472.84
1	238	327.58
2	238	487.58
3	238	674.97
4	238	677.32
5	238	582.05
6	238	685.39
7	238	1000.69
8	238	1384.56
9	238	1476.06
1	238.5	328.28
2	238.5	488.64
3	238.5	676.43
4	238.5	678.78
5	238.5	583.3
6	238.5	686.87
7	238.5	1002.87
8	238.5	1387.59
9	238.5	1479.28
1	239	328.98
2	239	489.7
3	239	677.89
4	239	680.24
5	239	584.55
6	239	688.35
7	239	1005.05
8	239	1390.62
9	239	1482.5
1	239.5	329.68
2	239.5	490.76
3	239.5	679.35
4	239.5	681.7
5	239.5	585.8
6	239.5	689.83
7	239.5	1007.23
8	239.5	1393.65
9	239.5	1485.72
1	240	330.38
2	240	491.82
3	240	680.81
4	240	683.16
5	240	587.05
6	240	691.31
7	240	1009.41
8	240	1396.68
9	240	1488.94
1	240.5	331.08
2	240.5	492.88
3	240.5	682.27
4	240.5	684.62
5	240.5	588.3
6	240.5	692.79
7	240.5	1011.59
8	240.5	1399.71
9	240.5	1492.16
1	241	331.78
2	241	493.94
3	241	683.73
4	241	686.08
5	241	589.55
6	241	694.27
7	241	1013.77
8	241	1402.74
9	241	1495.38
1	241.5	332.48
2	241.5	495
3	241.5	685.19
4	241.5	687.54
5	241.5	590.8
6	241.5	695.75
7	241.5	1015.95
8	241.5	1405.77
9	241.5	1498.6
1	242	333.18
2	242	496.06
3	242	686.65
4	242	689
5	242	592.05
6	242	697.23
7	242	1018.13
8	242	1408.8
9	242	1501.82
1	242.5	333.88
2	242.5	497.12
3	242.5	688.11
4	242.5	690.46
5	242.5	593.3
6	242.5	698.71
7	242.5	1020.31
8	242.5	1411.83
9	242.5	1505.04
1	243	334.58
2	243	498.18
3	243	689.57
4	243	691.92
5	243	594.55
6	243	700.19
7	243	1022.49
8	243	1414.86
9	243	1508.26
1	243.5	335.28
2	243.5	499.24
3	243.5	691.03
4	243.5	693.38
5	243.5	595.8
6	243.5	701.67
7	243.5	1024.67
8	243.5	1417.89
9	243.5	1511.48
1	244	335.98
2	244	500.3
3	244	692.49
4	244	694.84
5	244	597.05
6	244	703.15
7	244	1026.85
8	244	1420.92
9	244	1514.7
1	244.5	336.68
2	244.5	501.36
3	244.5	693.95
4	244.5	696.3
5	244.5	598.3
6	244.5	704.63
7	244.5	1029.03
8	244.5	1423.95
9	244.5	1517.92
1	245	337.38
2	245	502.42
3	245	695.41
4	245	697.76
5	245	599.55
6	245	706.11
7	245	1031.21
8	245	1426.98
9	245	1521.14
1	245.5	338.08
2	245.5	503.48
3	245.5	696.87
4	245.5	699.22
5	245.5	600.8
6	245.5	707.59
7	245.5	1033.39
8	245.5	1430.01
9	245.5	1524.36
1	246	338.78
2	246	504.54
3	246	698.33
4	246	700.68
5	246	602.05
6	246	709.07
7	246	1035.57
8	246	1433.04
9	246	1527.58
1	246.5	339.48
2	246.5	505.6
3	246.5	699.79
4	246.5	702.14
5	246.5	603.3
6	246.5	710.55
7	246.5	1037.75
8	246.5	1436.07
9	246.5	1530.8
1	247	340.18
2	247	506.66
3	247	701.25
4	247	703.6
5	247	604.55
6	247	712.03
7	247	1039.93
8	247	1439.1
9	247	1534.02
1	247.5	340.88
2	247.5	507.72
3	247.5	702.71
4	247.5	705.06
5	247.5	605.8
6	247.5	713.51
7	247.5	1042.11
8	247.5	1442.13
9	247.5	1537.24
1	248	341.58
2	248	508.78
3	248	704.17
4	248	706.52
5	248	607.05
6	248	714.99
7	248	1044.29
8	248	1445.16
9	248	1540.46
1	248.5	342.28
2	248.5	509.84
3	248.5	705.63
4	248.5	707.98
5	248.5	608.3
6	248.5	716.47
7	248.5	1046.47
8	248.5	1448.19
9	248.5	1543.68
1	249	342.98
2	249	510.9
3	249	707.09
4	249	709.44
5	249	609.55
6	249	717.95
7	249	1048.65
8	249	1451.22
9	249	1546.9
1	249.5	343.68
2	249.5	511.96
3	249.5	708.55
4	249.5	710.9
5	249.5	610.8
6	249.5	719.43
7	249.5	1050.83
8	249.5	1454.25
9	249.5	1550.12
1	250	344.38
2	250	513.02
3	250	710.01
4	250	712.36
5	250	612.05
6	250	720.91
7	250	1053.01
8	250	1457.28
9	250	1553.34